ID	1_1	2_1	2_2	2_3	3_1	3_2	3_3	5_1	5_2	5_3	6_1	6_2	6_3	7_1	11_1	30_1	33_1
A225307	0	1	1	0	2	2	1	2	0	2	0	0	0	0	1	2	2
A225384	0	1	0	0	1	1	2	0	1	0	1	1	1	1	0	1	0
A225416	0	0	0	0	2	1	2	1	1	1	0	0	0	0	1	1	2
A225438	1	1	1	1	1	0	2	0	0	1	1	1	1	0	0	1	1
A225441	1	0	1	1	0	2	1	0	1	1	1	1	1	0	1	1	2
C695356	1	0	2	1	1	1	1	2	1	0	1	1	1	1	0	1	1
C695386	0	0	1	1	1	1	1	0	2	0	0	0	0	0	1	1	1
C695390	1	1	2	1	1	1	2	0	0	1	1	1	1	0	1	0	2
C695391	0	1	0	0	1	0	0	0	1	0	0	0	0	2	1	0	1
E018352	0	1	1	1	1	2	2	1	1	0	1	1	1	0	1	0	2
E509370	1	1	2	1	1	1	2	1	2	0	1	1	1	0	1	1	0
E985065	1	1	0	1	1	1	2	0	0	0	1	1	1	1	1	0	0
E985071	1	1	1	0	1	2	0	1	2	0	0	0	1	0	0	2	0
E985073	1	1	0	1	1	1	0	0	0	0	0	0	0	0	0	1	1
F464553	2	1	1	0	0	1	2	1	1	0	1	1	1	0	0	0	1
F464559	1	1	1	1	0	2	1	0	1	0	2	2	2	1	1	1	1
F952444	1	0	1	0	0	1	1	0	0	0	2	2	2	0	0	1	2
F952447	0	1	1	1	0	0	2	0	0	1	0	0	0	1	0	1	1
F952460	2	0	0	1	1	0	2	1	1	1	0	0	0	1	0	2	1
F952941	1	1	0	1	1	0	1	0	0	1	1	1	1	0	0	0	1
H300052	2	1	1	0	0	0	0	0	0	1	2	2	2	0	1	1	1
H300073	2	0	0	1	2	1	1	0	1	1	2	2	2	0	0	1	1
H300660	0	0	2	2	0	1	1	1	0	1	1	1	1	1	1	1	1
H300669	0	1	0	1	1	1	1	0	2	1	2	2	2	0	1	0	2
H301159	2	1	1	1	0	1	0	1	1	1	1	2	2	0	0	1	2
H301196	0	1	2	2	0	1	1	0	0	1	1	1	1	0	1	1	1
J644840	0	2	2	2	2	0	0	0	2	0	1	1	1	0	1	1	0
J644841	0	0	1	0	0	1	1	1	1	1	1	1	1	1	0	0	2
J644859	0	1	0	0	2	0	1	1	0	0	1	1	1	0	1	1	2
J644864	0	0	1	1	0	1	2	0	0	1	2	1	2	0	0	1	1
J644890	1	0	0	1	0	1	2	2	1	1	2	2	2	0	0	1	1
J644891	1	0	2	1	2	1	2	0	0	2	1	1	1	1	0	1	1
J644903	0	0	1	1	2	1	1	0	1	1	0	0	0	1	1	1	2
J644935	1	0	0	0	0	1	0	0	1	0	2	2	2	1	1	1	1
J644937	0	1	1	2	1	1	1	1	1	1	0	0	0	0	0	2	1
J644943	1	0	1	0	0	1	2	1	0	1	0	0	0	1	0	1	0
J644950	1	0	2	2	1	2	2	1	1	1	1	1	1	0	0	1	1
J644952	0	0	2	1	0	1	2	2	0	1	1	1	1	1	1	0	0
J644956	1	1	0	1	1	0	1	1	0	1	0	1	0	0	0	0	2
J644958	0	0	0	1	2	1	2	1	2	2	2	2	2	2	0	1	0
J644960	2	0	1	1	1	1	1	0	1	0	2	2	1	1	0	1	1
J644994	0	2	1	2	2	1	0	0	0	0	1	1	1	0	0	0	1
J644995	0	1	2	1	2	1	1	1	1	0	2	2	2	0	0	2	2
J644996	0	1	2	1	0	2	1	1	1	1	2	2	2	0	0	1	1
J644997	0	1	0	0	1	1	1	0	1	1	1	1	1	0	1	2	0
J644998	1	1	1	0	0	1	1	0	2	0	1	1	1	0	2	1	1
J645000	0	0	0	1	2	1	1	0	0	1	1	1	0	1	1	1	1
K578023	0	0	1	1	1	0	2	1	0	0	1	1	1	1	1	2	1
K578024	1	1	0	2	1	0	0	1	2	1	1	1	1	0	1	0	1
K578058	1	0	1	1	1	0	1	1	1	0	0	0	0	2	1	2	2
K578075	1	0	2	1	0	0	0	0	2	1	1	1	1	0	0	1	0
K578080	2	1	0	1	0	0	1	1	0	0	1	1	1	0	2	2	2
K578100	0	0	1	2	1	0	1	1	2	2	0	0	0	0	2	0	1
K578566	1	1	1	0	2	2	1	1	0	0	2	2	2	2	0	2	1
K578584	1	0	0	1	0	0	1	2	0	0	1	1	2	1	1	1	2
K578605	0	0	1	2	0	1	1	0	2	0	2	2	2	1	0	0	1
K578619	1	1	0	2	2	2	2	0	0	0	1	1	1	0	1	1	0
K578717	1	1	2	1	0	1	2	2	0	0	1	1	1	1	1	1	1
K578732	0	0	1	0	0	2	1	1	2	0	2	1	2	1	0	1	1
K578927	1	1	0	0	0	1	1	1	1	0	1	1	1	1	1	1	1
K578961	2	0	1	1	2	2	0	2	0	0	1	1	1	1	0	2	2
K604550	1	0	1	0	1	2	2	2	1	0	0	0	0	0	1	1	1
K604681	2	0	0	2	2	1	2	0	1	0	0	0	0	0	0	2	1
L312169	0	1	1	2	0	0	1	0	1	1	0	0	0	1	1	0	1
L312889	0	1	1	1	2	2	1	1	0	1	1	1	1	0	0	0	2
L315203	1	1	0	1	0	0	1	0	0	0	1	1	1	0	1	1	1
L315204	1	0	1	1	1	1	1	0	0	0	1	1	1	0	1	1	0
L315804	2	1	0	0	2	1	2	0	2	1	1	1	1	0	2	2	1
L315806	0	0	2	1	1	2	1	0	0	0	1	1	1	1	1	2	1
L808160	0	0	0	2	1	0	1	0	1	1	0	0	0	0	1	1	0
L808165	0	0	1	1	0	1	0	0	1	1	0	0	0	0	1	1	1
L809630	0	1	0	0	1	1	1	1	2	0	2	2	2	0	0	1	1
N199072	1	1	1	1	1	0	1	1	1	1	1	1	1	1	1	2	1
N199087	0	0	0	2	2	0	1	0	1	1	2	2	2	0	0	1	0
N199102	2	2	0	2	0	0	1	0	1	2	1	1	1	0	0	1	1
N199106	1	1	1	0	2	0	2	1	1	0	1	1	1	0	1	0	1
N199111	1	0	1	1	1	1	2	0	1	0	0	0	0	1	1	1	0
N199113	2	2	1	0	1	2	2	0	1	2	1	1	1	1	1	2	1
N199294	0	0	2	1	0	1	1	1	0	0	1	1	1	2	1	1	1
N199299	0	1	1	2	1	0	2	1	1	1	2	1	2	0	0	1	1
N199440	1	0	1	1	0	1	2	0	1	2	1	1	1	2	0	0	2
N199441	1	2	2	2	1	2	2	1	1	0	1	1	1	1	1	1	1
N199445	2	2	0	1	1	2	2	2	1	1	1	1	1	0	1	1	1
N199447	2	1	1	0	2	1	1	1	0	0	2	2	2	0	0	1	1
N199463	2	0	0	1	0	0	1	1	0	0	1	1	1	0	1	1	2
N199470	0	1	1	2	1	1	0	0	2	0	1	1	1	0	1	0	2
N199505	0	0	1	0	1	1	2	0	1	1	2	2	2	0	2	1	1
N199518	0	1	1	0	0	2	1	2	0	1	1	1	1	1	2	0	1
N199634	1	1	0	1	1	1	1	1	1	0	2	2	2	1	1	1	2
N199636	1	0	1	2	1	1	2	0	0	1	1	1	1	1	0	1	1
N199637	0	1	0	0	0	1	2	2	2	1	0	0	0	1	1	1	0
N199641	1	0	2	1	2	1	2	0	2	0	1	1	1	0	2	1	0
N199642	1	1	0	0	1	1	1	0	1	0	1	1	1	0	1	2	1
N199643	0	1	0	0	1	2	1	2	1	1	1	1	1	2	1	2	2
N199646	0	1	0	0	0	1	1	0	0	0	0	0	0	0	1	2	1
N199647	0	0	0	0	2	1	2	2	1	0	1	1	1	0	0	1	1
N199650	2	0	0	2	2	2	2	0	2	0	0	0	0	0	0	1	0
N199703	1	0	0	1	1	0	2	2	1	0	0	0	0	0	0	0	2
N199705	0	2	0	1	0	0	1	0	1	1	1	1	1	1	1	1	1
N199707	1	2	1	1	1	1	2	1	2	1	1	1	1	1	2	1	0
N199973	0	1	1	1	2	2	2	0	0	1	1	1	1	0	0	0	1
N199993	1	0	1	0	1	1	1	0	0	1	0	0	0	1	1	1	0
N200009	0	1	2	0	0	1	1	2	1	1	0	0	0	0	1	2	1
N200109	0	0	0	2	1	1	1	1	1	1	0	0	0	1	1	2	2
N200115	1	1	0	0	1	1	2	1	1	1	2	2	2	1	0	1	1
N200125	0	0	0	1	1	1	2	1	0	1	1	1	1	2	0	2	2
N200126	0	1	1	1	1	2	2	1	1	0	1	1	1	0	0	2	0
N200581	2	0	2	1	2	0	1	1	1	0	2	2	2	0	1	0	1
N200583	0	2	0	1	2	2	2	0	0	0	0	0	0	1	1	0	1
N200584	0	0	0	2	2	1	0	0	0	1	1	1	1	0	1	1	0
N200588	1	0	0	0	1	1	1	2	0	1	1	1	1	1	1	1	1
N200599	1	1	1	1	0	2	2	1	1	0	1	1	1	1	0	1	1
N200624	0	1	2	1	0	1	1	2	1	1	0	0	0	1	1	1	1
N200674	0	0	1	1	1	1	1	1	0	0	0	0	0	1	2	1	1
N200706	1	0	1	1	0	1	1	1	1	0	1	1	1	1	0	0	2
N200712	0	1	1	1	1	2	2	1	0	0	1	1	1	0	0	1	1
N200769	0	0	1	0	0	1	2	0	1	1	1	2	2	0	0	0	1
N200806	2	1	0	1	1	1	1	1	1	1	0	0	0	0	0	1	1
N200810	0	2	2	0	0	0	1	1	0	0	1	1	1	0	0	1	2
N200905	1	1	0	0	2	1	1	0	0	0	0	0	0	0	0	1	1
N200906	0	2	0	1	2	1	1	0	0	0	0	0	0	0	0	1	1
N200907	1	1	0	1	1	1	2	0	1	0	1	1	1	1	0	0	0
N200918	0	1	1	1	1	0	1	0	0	0	2	2	2	1	0	1	1
N200935	1	1	2	0	1	1	1	2	1	1	1	1	1	0	2	1	0
N200941	1	0	0	1	1	1	1	0	2	1	0	0	0	1	1	2	0
N200942	1	0	1	0	1	1	2	0	1	2	2	2	2	1	0	1	1
N200953	2	2	1	2	1	1	1	0	0	1	2	2	2	1	0	1	1
N200989	0	1	0	1	1	0	2	0	0	2	1	1	1	0	0	0	1
N200991	2	0	2	1	2	2	1	0	2	0	2	2	2	2	0	1	0
N200998	1	2	1	1	1	1	2	0	1	0	0	0	0	0	1	2	1
NC11333	1	2	0	1	1	0	0	1	0	0	0	0	0	2	0	1	2
NK59969	0	2	0	2	1	1	0	1	1	0	0	0	0	0	2	2	1
NLAbel	0	0	0	0	0	0	0	0	0	0	0	1	1	0	0	0	1
NN35580	1	0	1	0	1	1	2	0	2	0	0	0	0	0	0	1	2
NN35609	0	1	0	1	1	0	2	1	1	2	1	0	0	0	1	2	2
NN35662	2	0	0	0	0	0	1	2	1	1	2	2	2	0	1	0	1
NN35726	1	1	1	1	0	1	1	0	1	0	0	0	0	0	0	1	0
NN35821	2	0	0	0	1	0	1	0	1	0	0	0	0	0	1	1	1
P439017	1	1	1	1	1	2	1	0	0	0	1	1	1	1	1	1	0
P439036	2	0	0	1	0	1	0	2	1	0	0	0	0	0	1	0	1
P439042	1	1	1	1	0	0	1	0	1	0	0	0	0	0	2	0	1
P439051	1	2	1	2	0	1	1	1	1	0	2	2	2	0	1	2	2
P439057	2	2	0	1	0	1	0	0	1	1	0	0	0	2	2	1	1
P439161	0	0	0	1	0	2	2	0	0	0	0	0	0	0	1	1	1
P439165	0	0	1	0	1	1	2	0	1	1	0	0	0	2	1	2	1
P439175	1	0	0	2	1	1	0	0	1	0	2	2	2	0	1	0	1
P439195	0	0	1	0	1	1	1	1	0	2	0	0	0	0	0	0	1
P439282	0	0	1	2	2	0	0	1	1	1	0	0	0	1	0	1	1
P439298	1	0	1	2	1	1	2	1	0	2	0	0	0	1	1	1	1
P439580	2	0	0	0	1	0	1	0	2	0	1	1	1	1	1	2	1
P439583	0	0	1	1	2	0	0	0	1	1	2	2	2	1	1	2	0
P812079	1	0	0	2	1	2	0	0	1	1	2	2	2	0	0	2	1
P812080	0	1	1	2	0	2	2	0	1	0	1	2	2	1	0	0	0
P812088	2	0	0	0	1	1	1	0	0	1	1	1	1	0	0	1	0
P812096	0	0	0	1	1	1	1	0	2	1	1	1	1	0	0	1	0
P812097	1	1	2	2	2	1	1	1	1	1	2	1	1	1	1	1	0
R040039	1	0	0	0	0	0	1	0	0	0	1	1	1	0	0	1	0
R040057	2	2	2	1	1	0	2	0	0	1	1	1	1	1	0	1	1
R040074	0	0	1	1	1	1	1	0	1	2	2	2	2	2	1	2	1
R040089	0	0	0	0	1	1	2	2	1	0	2	1	2	1	1	1	2
R040111	2	1	1	0	1	2	2	0	0	0	1	1	1	0	0	1	1
R040112	2	0	1	0	2	2	2	0	0	1	1	1	1	0	1	2	1
R040127	1	0	0	2	2	0	1	1	1	0	0	0	0	0	0	1	2
R040132	2	0	1	2	0	0	1	0	2	0	0	0	0	1	0	1	1
R040133	0	0	1	1	1	1	2	0	1	1	2	2	2	1	1	2	1
R040136	2	0	1	0	1	0	1	0	1	2	1	1	1	0	0	0	1
R040149	0	1	1	0	1	0	2	0	0	2	1	1	1	0	0	0	2
R040159	0	1	2	1	1	2	2	0	1	1	0	0	0	0	1	1	0
R040172	1	2	0	1	1	0	1	0	0	1	1	0	0	1	1	0	2
R040184	0	1	1	1	0	0	1	1	1	0	2	2	2	1	1	2	1
R639004	0	0	0	1	1	2	2	0	1	0	1	1	1	0	1	2	2
R639009	1	1	1	0	1	0	2	2	2	2	0	0	0	1	2	2	0
R639013	1	0	1	1	1	0	1	1	0	0	0	0	0	0	1	1	2
R639015	0	0	1	0	0	2	2	2	1	1	0	0	0	0	1	1	1
R639113	1	0	1	2	0	0	0	0	1	0	0	0	0	0	1	0	1
R639118	0	1	0	1	1	0	1	1	2	0	0	0	0	0	0	2	1
R639130	0	0	1	0	1	1	2	0	0	1	0	0	0	0	1	0	1
R639132	0	1	1	1	0	1	1	0	1	2	2	1	2	0	0	1	1
R639189	2	1	0	1	1	1	1	1	1	1	2	2	2	0	0	2	1
R639201	0	0	1	1	1	0	1	2	1	1	1	1	1	1	2	0	1
R639217	2	0	2	2	1	1	2	2	1	1	1	1	1	0	1	1	1
R639280	1	0	0	2	0	1	2	1	2	0	0	0	0	1	0	1	1
R639306	0	0	0	2	0	0	1	0	2	1	0	0	0	1	1	0	1
R639408	1	1	0	1	1	0	0	0	1	0	1	1	1	2	1	1	1
R639412	2	0	2	1	0	1	1	1	1	1	0	0	0	0	0	1	1
R639424	0	1	1	2	1	2	2	1	1	0	2	2	2	0	1	0	1
R639441	1	0	0	1	0	0	2	0	2	1	1	1	1	0	1	0	2
R639450	1	1	0	0	0	1	0	0	0	2	0	0	0	1	0	1	0
R639455	1	1	0	1	2	0	2	1	1	2	2	2	2	1	1	2	2
R639463	1	1	0	0	1	0	0	0	1	1	1	1	1	1	1	1	0
R639484	2	1	0	1	1	1	2	0	1	1	1	1	1	1	1	0	1
R639486	0	1	0	1	0	1	1	0	0	0	0	0	0	1	0	1	1
T176477	2	1	0	1	0	1	2	0	2	0	1	1	1	2	1	1	1
T176481	0	0	0	1	2	2	2	0	0	1	1	1	1	1	1	1	0
T176487	1	1	1	1	1	1	1	2	0	1	0	0	0	0	1	0	1
T176496	2	0	2	1	0	0	0	0	0	0	1	1	1	0	1	1	0
T176813	2	1	1	1	1	1	1	0	0	1	1	1	1	0	0	0	1
T176841	2	0	1	1	2	0	2	1	1	1	0	0	0	0	1	1	2
T176864	2	0	1	1	1	1	2	0	1	1	1	1	1	0	1	2	0
T176885	1	0	1	1	1	0	1	0	1	1	1	1	1	1	1	0	1
T176922	1	0	2	1	0	0	1	0	0	0	1	1	1	0	1	0	1
T176927	1	0	1	1	0	0	1	0	1	0	0	1	1	0	0	1	2
T176932	0	0	0	1	1	1	0	0	0	1	0	0	0	1	1	0	1
T176973	1	2	2	2	0	0	0	0	0	2	0	0	0	0	1	0	1
T177501	0	0	0	0	0	0	0	0	1	2	1	1	1	1	1	2	0
T177509	1	0	1	0	0	2	1	0	2	1	0	0	0	0	2	2	2
T177550	1	1	0	0	0	1	2	1	2	1	2	2	2	0	0	1	1
T177566	0	2	1	0	1	1	2	0	1	1	2	2	2	1	2	1	1
T177579	1	1	0	2	1	1	1	1	1	0	2	2	2	0	0	1	1
T177580	1	2	0	1	2	1	1	0	0	1	0	0	0	0	1	2	1
T177600	2	1	0	1	0	0	2	0	2	0	0	0	0	0	2	0	1
T177617	2	0	0	1	2	1	2	0	0	0	1	1	1	0	1	0	2
T177635	1	0	0	1	1	1	1	0	0	1	0	0	0	1	0	1	2
T177644	0	0	2	0	0	0	0	0	1	0	0	0	0	0	1	1	1
T177665	1	0	1	1	0	0	1	1	1	1	1	1	1	1	0	1	2
T177703	0	1	1	0	1	1	0	0	1	0	1	1	1	1	0	1	1
T177708	1	0	0	0	1	1	2	0	2	1	0	0	0	0	0	1	1
T177712	0	1	1	0	1	1	1	1	0	0	1	1	1	0	0	1	2
T177719	0	1	0	2	2	1	2	0	1	1	0	0	0	0	0	1	1
T177743	0	0	2	2	0	2	2	0	0	0	1	1	1	2	1	1	1
T177774	1	0	1	2	0	0	0	0	1	1	1	1	1	1	0	0	2
T177799	2	0	1	0	0	1	2	1	1	1	1	1	1	0	1	1	2
T550009	0	1	2	0	1	2	1	0	0	0	0	0	0	1	0	0	1
T550019	0	1	2	1	1	1	1	0	1	1	0	0	0	1	0	0	1
T550024	0	0	0	1	0	1	1	0	0	1	2	2	2	0	0	0	0
T550029	1	1	0	1	1	0	1	0	0	0	1	0	0	1	1	1	0
T550030	0	0	2	0	1	0	2	1	0	1	1	1	1	1	1	1	1
T550041	0	0	1	0	0	1	2	1	2	2	2	2	2	0	2	0	2
T550043	0	1	0	1	1	0	0	1	1	0	0	0	0	0	0	2	0
T550045	1	0	0	1	2	1	1	0	1	0	0	0	0	1	0	2	1
T550058	0	0	0	1	2	1	1	0	1	0	0	0	0	1	0	2	1
T550059	2	2	0	1	0	0	1	1	0	0	1	1	1	1	1	2	2
T550060	0	0	1	1	1	2	2	0	0	0	1	1	1	0	1	1	0
T550065	2	0	0	1	0	1	1	2	1	1	1	1	1	1	1	1	1
T550071	1	1	0	0	1	0	1	0	0	1	1	1	1	1	0	2	2
T550076	0	1	1	1	1	1	1	1	0	1	1	1	1	0	1	1	2
T550082	0	1	0	1	2	2	1	1	1	0	0	0	0	1	0	2	2
T550093	1	0	1	2	2	0	2	1	2	1	1	1	0	0	1	2	1
T550098	0	0	1	0	1	0	2	2	0	1	0	1	1	1	2	2	1
T550105	0	1	0	2	1	1	2	0	0	2	0	0	0	0	0	2	1
T550134	2	1	1	1	1	0	2	0	0	1	0	0	0	0	1	0	0
T550135	1	1	2	1	0	1	1	0	1	0	2	2	2	1	0	1	2
T550164	1	1	0	1	1	0	1	1	1	2	2	2	2	1	0	0	1
T550189	2	1	2	2	0	0	2	0	0	0	2	2	2	0	0	2	2
T550200	0	1	1	2	0	2	2	0	0	0	0	0	0	0	2	0	2
T640002	1	0	1	1	1	0	2	1	0	1	2	2	2	0	1	1	1
T640003	0	0	2	0	1	2	1	0	1	1	1	1	1	1	2	1	1
T640005	0	0	1	1	1	0	2	0	0	0	2	1	1	1	0	2	2
T640006	0	1	1	0	1	2	1	0	1	1	1	1	2	1	1	2	0
T640011	2	0	1	1	2	1	1	0	1	1	1	1	1	0	1	1	2
T640096	0	0	2	0	1	0	2	1	0	1	2	2	1	0	0	1	1
T640207	0	0	1	0	0	0	1	0	2	2	1	1	1	1	1	1	1
T640209	0	1	1	1	0	2	2	0	0	0	1	1	1	0	1	1	1
T640211	0	0	1	1	1	0	2	0	0	0	1	1	1	1	0	2	1
T640234	1	1	1	0	1	1	1	0	0	0	0	0	0	0	0	1	1
T640264	1	0	0	1	2	1	2	0	1	0	1	1	1	1	0	0	1
T640276	2	1	1	1	0	1	2	0	0	0	0	0	0	0	1	2	0
T640309	1	0	0	0	1	1	0	0	2	2	0	0	0	1	2	2	1
T640315	1	1	1	1	2	1	1	2	0	1	0	0	0	0	1	0	0
T640328	1	1	1	1	2	1	2	0	0	1	1	1	1	1	1	1	2
T640334	1	0	1	0	2	2	0	0	2	1	2	2	2	0	1	1	0
T640338	1	1	2	1	1	1	1	0	1	0	2	2	2	1	0	0	2
T640344	1	2	0	1	2	1	1	2	1	2	1	1	1	0	0	1	1
T640348	0	1	1	1	1	1	1	0	1	0	1	1	1	1	2	2	1
T640353	2	2	1	0	1	0	1	1	2	1	1	1	1	1	1	2	1
T640374	1	0	0	1	1	1	1	2	1	2	0	1	1	2	1	1	1
T640375	1	0	1	2	1	1	0	0	1	0	1	1	1	2	0	1	1
T640585	1	1	2	2	2	2	2	0	1	0	1	1	1	0	0	1	2
T640666	0	0	0	1	1	1	1	0	0	2	2	2	2	2	0	2	0
T640673	0	1	1	0	2	1	1	0	1	0	1	1	1	0	1	1	1
T640675	0	1	1	2	1	1	1	0	0	1	0	0	0	0	1	0	1
T640679	0	0	1	0	1	0	0	0	0	0	1	1	1	0	1	1	1
T640680	0	2	0	2	2	1	1	0	0	0	1	1	1	0	1	1	1
T640728	1	0	0	1	1	2	1	0	1	1	0	0	0	0	1	0	1
T640746	0	0	1	1	1	0	1	1	0	0	1	1	1	2	1	2	1
T640748	0	0	1	0	0	1	2	1	0	0	1	1	1	2	1	1	0
T640763	1	0	1	2	0	0	0	0	1	0	2	1	2	0	0	0	0
T640769	1	1	1	0	0	1	2	1	1	1	2	2	2	0	0	1	1
T640776	1	1	1	0	1	0	0	0	1	0	2	2	1	1	1	0	1
T640798	2	0	0	1	2	0	1	0	1	1	0	0	0	1	2	1	0
T640800	1	0	0	0	2	0	2	0	2	0	0	0	0	1	0	1	1
T640819	1	1	1	2	2	2	2	0	2	0	1	1	1	1	2	0	1
T642829	0	1	1	1	1	1	1	1	2	0	1	1	1	0	1	1	2
TA15058	0	1	1	0	1	0	2	0	1	1	0	0	0	1	0	2	0
TA15099	1	1	1	0	2	1	2	0	2	0	1	1	1	1	0	2	1
TA15200	2	0	0	0	0	1	2	0	1	1	1	1	1	2	0	0	2
TA15272	1	1	0	1	1	1	2	0	1	1	2	2	2	0	0	1	1
TA15300	1	0	1	1	2	0	1	1	0	1	1	1	1	1	2	1	2
TA15328	1	0	2	0	0	1	1	0	2	2	1	1	1	0	0	2	2
TA15346	0	1	0	1	1	0	1	0	0	2	1	1	1	0	2	0	1
TA15355	0	0	0	1	0	1	1	1	1	2	0	0	0	0	1	1	0
TA15386	0	1	1	2	1	1	2	0	2	1	1	1	1	0	0	0	0
TA15724	1	0	0	0	1	1	1	0	0	0	2	2	2	1	1	2	1
TA15730	2	0	0	1	1	1	1	0	0	0	0	0	0	1	1	2	0
TA15836	1	1	1	0	0	2	1	0	1	2	1	1	1	2	1	0	0
TA15841	2	1	1	1	1	1	1	0	0	1	1	1	1	1	1	0	2
TA15843	1	1	1	1	1	1	1	0	0	1	1	1	1	1	1	0	0
TA15923	1	1	0	1	1	1	1	0	0	1	2	2	2	0	0	1	0
TA15939	1	0	1	1	2	2	2	0	0	1	0	0	0	1	1	0	0
TA15992	0	1	0	0	1	1	1	0	0	0	1	1	1	1	0	0	0
TA16008	1	2	1	2	2	1	2	0	0	1	1	1	1	0	1	1	0
TA16029	2	1	1	1	0	1	1	0	0	0	1	1	1	0	1	1	1
TA16034	1	0	1	0	0	1	2	1	2	1	0	0	0	1	0	1	2
TA16054	0	0	0	0	2	0	1	0	1	1	0	0	0	2	0	2	0
TA16060	0	1	1	1	1	2	2	0	2	0	2	2	2	0	0	1	0
TA16067	1	0	0	2	0	0	2	0	2	1	1	1	1	0	0	0	1
TA16082	1	1	0	1	2	1	0	1	1	0	0	0	0	1	0	1	1
TA16125	1	0	2	0	1	2	2	0	0	1	0	0	0	1	1	2	1
TA16181	0	2	1	0	2	0	0	1	2	0	0	0	0	0	1	1	0
TA16184	0	2	2	2	2	0	0	0	1	0	1	1	1	0	1	1	1
TA16185	1	0	1	1	1	1	1	0	0	1	0	0	0	0	1	1	0
TA16188	0	0	1	0	1	1	2	0	1	0	0	0	0	2	0	2	1
TA16189	1	0	2	1	1	2	1	2	1	1	2	2	2	0	1	1	2
TA16221	0	0	0	1	0	1	2	0	0	0	0	0	0	0	1	1	1
TA16238	0	1	1	1	1	1	1	0	2	1	1	1	1	0	1	1	1
TA16240	0	1	1	1	0	1	1	0	2	1	1	1	1	0	1	1	0
TA16274	2	1	1	1	1	2	2	0	0	1	0	0	0	0	1	1	1
TA16360	1	1	1	1	0	0	2	1	1	1	1	1	1	1	2	0	2
TA16398	2	2	2	2	0	0	1	0	0	1	2	1	1	1	0	0	1
TA16399	2	2	1	2	0	0	0	0	0	1	2	1	1	0	1	0	1
TA16436	0	0	1	0	1	0	0	0	0	2	1	1	1	1	0	1	1
TA16440	0	0	1	0	0	1	0	0	1	2	1	1	1	1	1	1	1
TA16463	1	0	1	1	2	1	1	0	1	1	2	2	2	1	0	1	1
TA16467	1	1	0	1	2	1	1	0	0	0	0	0	0	0	0	0	0
TA16514	0	1	2	1	0	0	1	0	0	1	0	0	0	2	1	2	1
TA16577	0	1	0	1	0	0	0	1	1	0	1	1	1	0	1	0	1
TA16634	1	0	0	1	1	1	1	0	1	1	0	0	0	0	1	1	0
TA16655	2	2	1	1	2	2	2	0	1	1	1	1	1	1	1	1	1
TA16664	0	2	1	0	1	1	1	0	1	1	1	1	1	0	0	0	1
TA16721	1	1	1	1	2	1	1	1	0	1	1	1	1	1	1	0	1
TA16757	0	0	2	2	2	2	2	0	2	0	2	2	2	0	0	0	0
TA16761	0	0	1	1	1	1	2	0	1	1	2	2	2	0	1	1	0
TA16786	1	0	0	2	2	2	1	0	0	1	1	1	1	2	1	2	0
TA16800	1	1	0	1	2	1	2	0	0	0	1	1	1	1	1	2	1
TA16833	0	2	0	1	0	0	1	1	0	1	0	0	0	1	0	2	1
TA16843	2	1	1	0	1	1	0	0	0	0	2	2	2	0	1	1	1
TA16845	2	0	1	1	0	0	0	0	0	0	2	2	2	0	2	0	0
TA16861	0	1	2	0	0	0	1	1	0	1	1	1	1	0	0	0	1
TA16909	1	0	0	1	1	1	2	0	2	0	1	1	1	0	2	2	1
TA16928	2	1	0	1	1	2	2	1	1	1	1	0	0	1	0	1	1
TA16957	1	1	2	2	1	1	1	0	1	0	2	2	1	0	0	0	2
TB21507	1	1	0	2	0	1	1	0	1	0	1	1	1	1	1	1	2
TB21524	1	1	0	0	2	1	1	0	1	1	1	1	1	0	0	0	1
TB21528	1	0	0	1	1	0	1	0	0	0	2	2	2	0	0	1	0
TB21562	2	2	1	2	1	0	1	1	2	2	2	2	2	0	1	1	1
TB26009	1	0	0	1	1	1	2	1	2	1	0	0	0	0	0	0	1
TB26015	0	0	1	0	1	0	1	1	0	1	1	1	1	0	2	1	2
TB26019	1	1	1	1	0	0	1	0	2	1	1	1	1	0	1	1	1
TB26030	1	1	0	1	2	1	1	1	2	1	1	1	1	0	0	1	0
TB26034	1	1	0	1	1	1	0	0	1	1	2	2	2	1	0	1	0
TB26045	1	2	2	2	1	0	0	1	1	0	0	0	0	1	1	1	1
TB26050	2	0	0	1	0	0	1	0	0	0	2	2	2	0	0	1	0
TB26053	2	0	1	0	2	1	1	2	1	0	1	1	1	2	1	1	1
TB26056	2	0	1	0	1	1	1	0	1	0	0	0	0	1	1	2	1
TB26065	2	0	0	1	1	0	1	0	0	0	1	1	1	0	1	2	0
TB26066	1	0	2	0	0	0	1	1	0	1	2	2	2	0	0	2	2
TB26074	1	1	0	0	2	0	0	0	1	0	0	0	0	0	0	0	0
TB26120	1	0	1	0	2	1	2	1	1	0	1	1	1	0	1	1	0
TB26166	2	0	0	1	1	1	1	0	0	0	2	2	2	1	1	2	1
TB26179	1	0	1	1	1	1	1	1	1	0	0	0	0	0	0	1	1
TB26193	1	0	0	1	2	0	1	0	2	1	1	1	0	1	0	1	1
TB26210	0	1	1	1	1	1	1	0	1	0	2	2	2	0	1	2	2
TB26214	0	1	2	1	1	0	0	0	1	0	0	0	0	0	1	1	0
TB26221	1	0	1	1	0	0	0	0	1	0	2	2	2	1	0	1	2
TB26238	1	1	2	1	1	2	2	1	1	0	2	2	2	1	1	1	1
TB26267	1	0	1	0	1	1	2	1	1	2	2	2	2	2	0	2	1
TB26276	1	0	0	1	1	0	2	0	1	1	1	0	0	0	0	2	0
TB26287	1	1	1	2	0	1	1	0	1	0	2	2	2	0	1	1	0
TB26296	0	2	1	2	1	0	1	0	1	2	1	1	1	1	2	1	0
TB26298	1	0	1	1	1	0	0	1	1	0	1	1	1	1	2	1	1
TB26303	1	1	0	1	1	2	1	0	0	0	0	0	0	1	1	2	1
TB26305	2	0	0	1	1	0	2	0	0	0	0	0	0	0	2	2	0
TB26324	1	2	1	1	2	1	1	2	2	1	1	1	1	0	1	1	0
TB26327	0	0	1	1	1	0	2	2	2	0	0	0	0	1	2	1	2
TB26336	1	0	1	0	1	1	1	0	2	0	1	1	1	1	2	1	1
TB26349	0	1	1	0	0	2	2	0	1	1	0	0	0	0	0	2	2
TB26361	1	0	0	2	1	1	2	0	0	1	1	1	1	1	1	2	0
TB26362	2	1	2	1	0	0	0	1	1	0	1	1	1	0	1	2	2
TB26517	0	1	2	0	2	1	1	0	1	1	0	0	0	2	1	1	1
TB26574	2	2	0	2	1	1	1	1	1	1	0	0	0	0	1	0	1
TB26583	1	0	1	0	1	1	1	0	1	1	1	1	1	0	0	1	0
TB26596	1	0	0	2	2	0	0	0	0	1	2	2	2	0	2	1	1
TB26644	0	0	1	0	1	0	1	0	1	0	1	1	1	0	1	1	0
TB26651	0	0	1	1	1	0	1	0	2	0	2	2	2	0	0	0	1
TB26658	1	0	1	2	0	0	2	0	0	1	1	1	1	1	2	1	0
TB26668	2	2	1	2	2	1	2	0	0	0	1	1	1	1	1	1	1
TB26672	0	0	0	1	1	0	2	0	1	0	2	2	2	0	0	1	1
TB26693	0	0	0	1	1	0	2	0	1	1	0	0	0	1	0	2	1
TB26694	0	0	0	1	0	1	1	0	1	1	1	1	1	2	0	2	2
TB26699	0	0	0	1	0	1	1	0	1	1	2	2	2	2	0	1	1
TB26723	1	0	1	2	2	2	1	0	1	2	0	0	0	0	1	1	0
TB26724	1	1	1	2	2	2	1	1	2	1	2	2	2	0	1	2	1
TB26728	1	0	1	2	2	2	1	0	2	1	0	0	0	0	1	1	0
TB26731	2	2	1	0	0	2	0	0	1	0	1	1	1	1	1	1	0
TB26734	1	1	0	2	1	2	2	0	1	0	1	1	1	0	2	0	1
TB26744	1	0	1	1	2	0	1	0	0	0	1	1	1	1	1	2	1
TB26783	2	1	1	1	1	1	1	0	2	0	0	0	0	1	1	1	1
TB26789	1	0	1	1	1	1	1	0	1	0	1	1	1	0	0	1	1
TB26793	1	0	0	1	1	0	2	0	0	0	2	2	2	2	1	2	0
TB26804	1	1	0	2	2	1	1	0	1	0	0	0	0	1	1	2	1
TB26805	1	0	1	0	0	1	2	2	1	0	0	0	0	2	0	0	2
TB26811	0	1	1	1	1	1	1	0	1	1	1	1	1	1	1	1	1
TB26824	1	0	1	1	1	1	1	0	1	1	1	1	1	0	0	2	2
TB26839	1	1	1	2	2	1	0	0	0	1	2	2	2	0	1	1	0
TB26845	1	1	1	1	2	0	1	0	0	1	1	1	1	1	1	2	1
TB26874	2	0	0	1	1	1	2	1	2	0	0	0	0	1	0	2	0
TB26883	1	1	1	0	1	0	2	0	0	0	0	0	0	0	2	1	0
TB26893	1	1	1	0	1	0	1	0	1	1	0	0	0	0	1	0	1
TB27018	0	1	0	2	1	1	2	0	1	1	1	1	1	0	1	1	1
TB27055	0	0	1	0	0	0	1	0	0	1	1	1	1	0	0	1	1
TB27081	0	2	1	1	1	1	2	0	1	1	1	2	2	0	2	2	0
TB27126	1	0	1	1	2	1	1	1	0	0	1	1	1	1	1	1	1
TB27138	2	1	0	1	1	1	0	1	2	0	1	1	1	0	0	2	2
TB27177	0	0	1	0	1	2	2	0	1	1	2	1	2	1	1	0	0
TB27186	0	1	0	1	0	0	1	0	0	1	1	1	1	2	0	2	0
TB27188	0	1	1	2	1	2	1	1	1	0	0	0	0	1	1	1	1
TB27233	1	1	0	1	1	1	0	0	2	0	1	1	1	0	0	1	1
TB27238	0	0	0	2	2	1	2	1	1	0	1	1	0	2	1	2	1
TB27262	1	1	1	2	1	1	1	0	0	1	1	1	1	0	0	2	0
TB27305	1	1	0	2	1	1	2	2	0	0	1	1	1	2	0	0	2
TB27306	2	2	0	2	1	1	2	2	0	0	1	1	1	2	2	0	2
TB27312	0	1	1	1	1	1	2	2	0	1	0	0	0	1	0	1	2
TB27357	0	0	2	1	1	0	0	1	1	1	2	2	2	2	0	2	2
TB27369	0	0	1	1	1	2	2	0	1	1	1	1	1	1	1	1	1
TB27375	1	0	0	1	0	0	2	0	1	0	0	0	0	2	0	1	1
TB27383	0	1	1	2	1	1	2	0	0	1	0	0	0	1	0	2	0
TC58014	0	1	0	1	0	0	1	0	1	0	2	2	2	0	1	1	1
TC58018	2	1	1	2	1	0	0	0	0	0	0	0	0	0	0	1	2
TC58032	2	1	0	2	0	0	0	0	0	0	0	0	0	0	1	0	2
TC58041	0	0	2	1	1	1	1	0	0	0	2	1	2	2	0	1	0
TC58046	1	0	2	1	1	1	1	0	0	0	1	1	1	0	1	2	2
TC58049	0	1	1	1	2	0	2	0	0	0	0	0	0	0	1	0	0
TC58056	0	1	0	0	2	1	2	0	0	2	0	0	0	1	1	1	1
TC58076	1	1	1	1	0	0	0	0	0	0	2	2	2	1	1	2	1
TC58094	1	0	1	1	0	0	1	1	1	0	1	1	1	0	1	0	2
TC58123	0	1	2	1	2	0	2	0	1	1	0	0	0	0	0	1	0
TC58142	0	0	2	1	0	1	1	1	1	2	1	1	1	0	1	0	0
TC58161	0	0	0	1	2	2	2	2	1	0	1	1	1	1	1	1	2
TC58168	1	2	2	1	0	0	1	0	1	0	1	1	1	1	0	0	1
TC58171	1	1	1	2	1	0	1	0	0	2	0	0	0	0	1	1	1
TC58178	0	1	1	1	1	0	0	0	0	0	0	0	0	0	1	0	0
TC58183	0	1	0	1	1	2	2	0	2	1	2	2	2	1	1	2	1
TC58184	0	1	1	1	1	1	1	1	0	1	1	1	1	1	0	1	0
TC58205	0	1	0	2	1	2	1	0	1	1	1	1	1	1	1	2	2
TC58235	1	1	0	1	2	1	1	0	2	2	0	0	0	0	1	1	0
TC58240	1	1	0	1	1	1	1	0	1	2	1	1	1	2	1	2	0
TC58246	2	0	1	2	2	1	1	1	0	1	1	1	1	1	0	0	1
TC58275	0	1	1	2	1	1	1	0	0	0	2	2	2	1	1	1	0
TC58284	0	0	0	0	0	0	1	2	1	1	0	0	0	1	1	1	0
TC58310	0	1	1	1	0	2	2	0	1	2	1	1	1	1	0	2	0
TC58321	1	1	0	1	1	1	1	0	0	0	1	1	1	0	0	1	1
TC58323	1	1	1	1	1	1	1	1	0	1	2	2	2	0	0	0	1
TC58340	0	0	1	2	1	1	2	0	2	1	0	0	0	0	1	1	1
TC58369	0	0	1	0	2	2	1	2	1	0	1	1	1	0	0	1	1
TC58372	0	0	1	1	1	0	1	0	2	0	0	0	0	0	0	0	1
TC58392	1	0	2	0	1	1	1	1	0	1	1	1	1	1	2	0	1
TC58394	1	0	1	0	0	1	1	0	0	0	0	0	0	1	0	0	1
TC58412	1	0	0	0	1	1	2	0	2	0	0	0	0	0	0	1	1
TC58414	1	1	2	1	1	1	1	1	1	0	1	1	1	0	0	0	2
TC58463	1	0	1	1	2	0	1	0	0	1	0	0	0	0	1	1	2
TC58469	1	1	2	1	1	1	1	0	1	0	2	2	2	0	0	1	0
TC58497	1	0	1	1	0	0	2	0	0	1	0	1	1	0	1	1	2
TC58508	1	0	1	2	1	2	2	1	1	0	1	1	1	0	1	2	2
TC58534	2	0	1	1	2	2	1	0	1	1	2	2	2	2	1	2	0
TC58561	0	1	0	1	2	2	2	0	1	1	0	0	0	1	0	2	1
TC58577	1	0	0	0	1	1	1	1	1	0	1	1	1	0	0	0	0
TC58583	1	0	1	2	0	0	1	1	1	0	2	2	2	0	1	2	0
TC58585	0	0	1	1	0	0	2	1	1	0	2	2	2	0	0	1	0
TC58607	1	2	0	0	0	1	2	0	1	1	0	0	0	1	0	1	1
TC58628	1	0	0	1	2	2	1	0	0	2	1	1	1	1	1	0	0
TC58648	0	1	1	1	0	1	1	0	2	0	1	1	1	2	1	1	1
TC58655	1	1	0	1	1	1	1	1	1	0	1	1	1	1	1	1	1
TC58658	1	1	1	0	1	0	0	0	0	1	2	2	2	0	1	1	0
TC58677	0	0	1	1	1	1	2	0	0	2	2	2	2	1	2	0	0
TC58678	0	0	1	0	1	1	2	0	0	2	1	1	1	1	2	1	1
TC58785	2	0	1	1	1	1	0	0	1	1	2	2	2	0	1	1	1
TC58788	0	1	2	1	1	0	2	0	1	0	0	0	0	0	1	1	0
TC58791	1	0	1	1	2	0	1	0	0	0	0	0	0	0	2	2	1
TC58792	2	0	1	0	1	0	1	0	1	0	0	0	0	0	1	2	1
TC58795	2	1	2	0	0	1	1	1	1	2	1	1	1	0	1	1	2
TC58812	1	0	0	0	1	1	1	2	1	0	0	0	0	2	1	1	1
TC58825	0	0	1	0	0	0	1	0	1	0	2	2	2	0	0	1	0
TC58827	0	0	0	1	0	1	1	1	1	0	0	0	0	0	1	0	1
TC58859	1	0	1	0	0	0	1	0	1	1	2	2	2	0	1	0	1
TC58878	1	2	0	1	0	0	1	1	2	0	0	0	0	0	1	2	0
TC58880	0	0	0	1	1	1	2	0	0	1	1	1	1	1	0	0	1
TC58902	0	0	1	2	1	0	1	0	0	1	1	1	1	1	1	1	1
TC58907	1	0	1	2	1	2	0	0	0	1	1	1	1	0	2	0	1
TC58911	0	1	0	1	1	2	2	0	1	1	1	1	1	1	0	0	1
TC59009	0	1	1	2	2	1	2	0	1	1	0	0	0	0	1	1	0
TC59019	2	1	2	0	0	0	2	1	2	1	0	0	0	1	0	1	1
TC59023	2	0	1	0	0	0	1	2	0	0	0	0	0	1	0	1	1
TC59028	0	1	2	1	1	1	2	0	1	2	0	0	0	0	0	1	0
TC59041	2	0	0	1	1	0	2	0	0	1	0	0	0	1	1	1	0
TC59093	0	0	0	0	1	0	0	0	2	2	1	1	1	1	0	2	1
TC59159	2	0	1	0	1	1	2	0	2	1	2	2	2	1	1	2	1
TC59190	1	0	0	0	1	0	1	0	0	2	0	0	0	1	1	1	0
TC59254	0	1	0	0	1	1	2	0	0	1	1	1	1	0	0	1	0
TC59312	0	1	0	2	0	1	0	1	0	1	1	1	1	0	1	1	1
TC59320	1	0	0	1	1	1	2	0	1	1	0	0	0	1	0	1	1
TC59341	0	2	1	1	1	1	1	0	1	0	1	1	1	0	0	1	0
TC59357	1	0	0	1	1	0	2	0	1	1	0	0	0	1	2	1	1
TC59393	1	1	1	0	1	0	1	0	1	1	0	0	0	0	1	0	1
TC59394	0	1	1	0	0	0	1	0	0	0	1	1	1	0	1	0	2
TC59396	0	1	2	0	1	0	1	0	0	0	1	1	1	0	1	0	1
TC59399	0	1	0	1	1	1	1	0	0	2	0	0	0	1	1	1	0
TC59401	0	2	0	2	0	1	1	2	2	0	2	2	2	0	1	0	2
TC59481	1	0	1	0	0	0	2	1	0	0	1	1	1	0	1	1	2
TC59491	0	0	1	0	0	0	0	0	1	1	1	1	1	2	0	2	1
TC59601	0	0	2	1	2	1	1	1	1	0	2	2	2	1	0	1	1
TC59612	1	0	1	1	2	2	1	1	1	0	1	1	1	2	0	2	2
TC59623	0	0	2	1	1	2	2	1	2	0	2	2	2	0	0	1	2
TC59630	2	1	0	0	2	1	1	0	0	0	0	0	0	0	1	0	2
TC59633	0	0	1	0	2	1	1	1	1	0	1	1	1	0	0	0	1
TC59637	1	0	1	1	1	1	1	0	1	0	1	1	1	0	0	1	1
TC59648	2	1	1	0	2	1	2	1	0	1	1	1	1	1	0	0	1
TC59652	1	1	0	1	1	1	0	0	0	1	1	1	1	1	2	2	1
TC59676	2	2	0	1	2	1	1	0	0	1	0	0	0	0	2	2	1
TC59680	1	0	0	0	0	1	1	0	0	1	1	1	1	1	1	2	1
TC59683	0	1	2	0	2	0	2	0	2	1	1	1	1	1	0	1	1
TC59690	1	0	2	2	1	2	1	0	0	2	2	2	2	1	0	2	0
TC59691	2	0	1	2	0	1	1	1	0	1	0	0	0	0	1	1	1
TC59701	1	1	1	0	0	2	1	0	2	0	0	0	1	1	0	1	0
TC59703	1	0	1	1	1	0	1	0	0	0	1	1	1	0	0	2	1
TC59720	0	0	0	0	0	2	2	0	1	1	0	0	0	0	2	0	1
TC59752	1	0	2	2	1	1	1	2	0	2	2	2	2	2	1	1	1
TC59784	1	0	1	2	2	1	2	0	1	1	1	1	1	0	0	0	1
TC59793	1	0	1	2	1	1	2	0	2	1	1	1	1	0	0	0	1
TC59799	0	1	1	0	2	1	1	0	1	0	2	1	1	1	0	1	1
TC59802	0	1	1	1	2	0	1	2	0	0	2	1	2	0	0	1	1
TC59808	1	0	1	1	1	0	1	0	1	1	1	1	1	0	2	1	1
TC59842	1	1	0	2	1	0	0	2	0	0	0	0	0	1	1	1	1
TC59847	1	0	2	1	2	2	2	0	1	0	1	1	1	1	2	0	0
TC59916	0	0	1	1	1	1	2	1	2	1	0	0	0	1	1	1	0
TC59922	0	1	0	1	1	1	2	0	0	2	1	1	1	1	0	1	1
TC59923	0	0	0	2	1	1	2	0	1	1	1	1	1	1	0	2	0
TC59927	0	0	2	2	1	1	1	0	1	1	1	2	2	0	2	0	1
TC59929	0	1	0	2	2	2	1	0	2	1	1	1	1	1	1	1	1
TC59955	2	1	1	2	0	1	2	0	1	1	1	1	1	1	1	1	1
TE79009	0	2	1	0	1	0	1	1	1	0	1	1	1	0	0	2	0
TE79013	0	1	0	1	0	1	1	2	1	1	1	1	1	1	1	1	1
TE79016	0	1	0	1	1	1	0	1	1	1	1	1	0	0	1	0	1
TE79023	1	1	0	1	1	2	1	0	1	0	1	1	1	1	1	2	1
TE79069	0	1	0	0	0	1	1	0	1	2	1	1	1	0	2	1	0
TE79089	2	1	0	2	1	2	1	0	1	0	1	1	1	0	2	0	1
TE79225	1	0	2	1	0	1	1	1	1	1	1	1	1	1	2	2	2
TE79229	1	2	0	1	1	0	1	0	0	1	1	0	0	0	1	0	2
TE79230	0	1	0	1	1	0	1	0	0	2	1	1	1	0	1	0	1
TE79305	2	2	0	2	2	1	1	0	0	0	0	0	0	1	0	0	0
TE79554	0	2	1	2	2	1	0	0	0	0	1	1	1	0	0	0	1
TE79646	0	1	0	1	0	1	1	0	1	0	1	1	1	0	0	2	1
TE79755	1	0	2	2	0	1	2	1	1	1	1	0	0	0	2	0	2
TE79781	1	0	0	1	0	1	1	0	0	0	1	1	1	1	2	0	1
TE79807	2	1	0	1	2	1	2	1	0	0	1	1	1	1	0	1	0
TE79816	2	1	0	2	2	1	1	0	1	1	1	1	1	1	1	0	1
TE79822	0	0	2	1	2	2	2	0	0	0	0	0	1	0	0	0	0
TE79897	1	1	1	2	0	0	2	0	2	1	0	0	0	1	1	1	0
TE79918	1	1	1	2	0	0	1	1	2	1	2	2	2	0	0	0	1
TE80025	2	0	2	2	0	0	0	0	1	0	1	1	1	1	0	2	0
TE80041	0	0	2	1	1	1	1	0	0	0	1	1	1	0	0	1	1
TE80064	1	0	0	2	2	0	1	0	1	2	2	2	2	1	1	1	1
TE80088	0	2	0	1	0	0	1	1	2	1	1	1	1	1	1	1	0
TE80101	0	0	0	0	1	1	1	1	1	1	1	1	1	1	1	1	2
TE80109	0	1	2	2	0	0	2	0	2	0	2	2	2	0	1	0	0
TE80110	1	2	0	2	0	1	1	0	1	1	2	2	2	0	1	1	1
TE80125	0	0	1	1	0	0	2	1	1	1	1	1	1	0	0	1	1
TE80127	0	0	1	1	2	2	2	1	1	1	1	1	1	0	1	0	1
TE80144	0	0	2	1	2	2	2	0	1	1	1	1	1	0	1	0	0
TE80216	2	1	0	1	0	1	2	0	2	0	0	0	0	1	1	2	1
TE80229	2	2	0	1	0	1	1	1	2	0	1	1	0	0	1	0	2
TE80283	0	1	0	0	1	1	2	2	0	0	1	1	1	1	0	1	1
TE80290	1	1	0	1	0	0	1	0	0	1	0	0	0	2	0	1	1
TE80309	0	1	0	1	0	1	0	1	0	0	1	1	1	0	0	1	2
TE80341	1	1	1	1	0	0	1	0	1	1	1	1	1	0	1	1	0
TE80347	2	1	1	1	2	2	1	1	1	1	0	0	0	1	0	1	2
TE80458	2	0	2	2	0	2	2	0	1	0	2	2	2	0	0	1	1
TE80522	1	0	0	1	1	1	2	0	1	1	1	1	1	1	1	1	0
TE80533	1	1	0	1	1	1	0	0	1	0	1	1	1	0	1	1	1
TE80536	0	0	0	1	2	2	1	1	0	1	0	0	0	1	1	2	0
TE80569	0	1	2	1	2	2	2	1	0	1	1	1	1	0	1	1	2
TE80603	1	0	1	2	0	1	1	0	0	1	0	0	0	0	0	2	0
TE80606	1	1	1	1	1	1	2	0	1	0	1	1	1	0	1	1	1
TE80684	0	0	1	1	1	1	2	0	1	0	0	0	0	1	1	1	0
TE80726	0	1	0	1	0	1	2	0	0	0	1	1	1	2	0	1	1
TJ24564	1	0	1	2	1	0	0	0	0	0	2	2	2	0	0	1	1
TJ24715	1	0	0	0	1	0	1	1	1	0	1	1	1	0	0	1	1
TJ24755	2	1	0	1	0	0	1	0	0	0	1	1	1	0	1	0	1
TJ24770	2	0	0	2	1	1	1	0	0	1	1	1	1	0	1	1	1
TJ24809	1	1	2	2	1	1	1	0	1	1	1	1	1	1	0	0	0
TJ24810	2	1	1	1	0	0	0	0	0	0	0	0	0	1	0	0	0
TJ24834	0	1	2	1	1	1	2	1	1	0	1	1	1	1	1	1	1
TJ24861	1	0	0	0	2	1	2	0	1	1	1	1	1	2	0	0	0
TJ24863	0	0	0	0	2	1	2	1	2	1	1	1	1	1	0	1	1
TJ24880	0	0	2	2	0	0	2	0	0	0	1	1	1	0	0	0	0
TJ24902	1	1	0	1	1	0	1	0	1	0	1	1	0	0	1	0	1
TJ25265	1	0	0	1	1	0	1	0	2	1	0	0	0	1	1	2	1
TJ25269	1	1	1	1	2	1	2	0	1	1	0	0	0	0	1	1	2
TJ26128	1	1	2	1	0	1	1	0	0	1	1	1	1	0	1	1	1
TJ26190	1	0	0	2	0	1	0	1	2	1	2	2	2	0	0	2	1
TJ26191	1	0	0	0	2	2	1	0	0	1	1	1	1	0	1	0	1
TJ26196	1	0	2	0	0	0	0	1	1	0	0	0	0	0	1	2	0
TJ26252	1	0	2	1	1	0	0	0	1	1	2	2	2	0	1	0	0
TJ26504	2	1	1	1	1	0	2	0	0	0	2	2	2	0	1	2	2
TJ26560	1	0	0	2	2	1	2	0	1	1	1	1	1	1	2	2	0
TJ26565	1	1	2	2	1	2	1	0	2	0	2	2	2	1	0	0	0
TJ26568	0	0	0	1	1	0	1	0	1	1	0	0	0	1	1	1	0
TJ26665	1	0	0	1	0	1	2	1	2	1	1	1	1	0	1	1	2
TJ27445	0	1	1	1	1	0	1	1	0	0	2	2	2	1	1	1	1
TJ27562	0	2	0	1	1	1	2	0	1	1	0	0	0	0	0	2	0
TJ40863	1	0	1	1	0	1	2	1	1	0	0	0	0	1	1	0	1
TK25538	1	0	1	1	1	1	1	1	2	1	0	1	1	0	0	2	0
TK25601	2	0	1	2	0	0	2	0	0	0	1	1	1	1	1	2	1
TK25603	2	0	1	2	0	0	2	0	0	0	1	1	1	0	0	1	1
TK25612	0	0	0	0	1	2	1	0	1	0	1	1	1	0	1	1	2
TK25618	1	0	1	2	0	1	2	0	0	0	2	2	2	0	0	2	1
TK25624	1	0	2	0	0	2	2	1	2	1	0	0	0	1	2	1	2
TK25667	2	1	0	1	1	0	0	0	1	0	0	0	0	0	0	1	1
TK25676	2	1	1	1	1	1	0	0	1	0	2	2	2	1	0	1	1
TK25696	2	1	0	1	1	1	2	0	1	2	1	1	1	1	0	1	1
TK25698	1	0	1	2	1	1	1	1	2	1	1	0	0	0	0	2	0
TK25707	0	1	1	0	0	1	2	2	0	1	1	1	1	1	1	1	2
TK25730	1	1	0	1	1	0	2	0	2	1	1	1	1	2	0	2	1
TK25761	1	1	0	0	1	1	1	0	0	1	0	0	0	1	0	1	1
TK25763	2	2	0	1	1	1	1	0	0	1	1	1	1	0	0	1	1
TK25787	1	0	1	0	1	1	2	0	0	0	0	0	0	1	0	1	1
TK25796	2	1	0	2	1	1	2	0	1	0	1	1	1	0	1	1	1
TK25806	1	1	1	2	0	1	1	0	1	0	2	2	2	0	1	0	1
TK25815	1	2	1	1	2	1	1	1	1	0	0	0	0	1	0	2	1
TK25817	1	1	1	0	1	1	1	0	1	1	1	1	1	0	0	2	1
TK25825	0	0	2	1	0	2	2	0	0	0	0	0	0	1	1	0	0
TK25834	2	1	1	2	1	1	1	2	1	0	1	1	1	1	2	0	1
TK25851	1	1	2	1	1	0	1	0	1	1	0	0	0	0	1	2	1
TK25875	2	1	0	0	2	0	2	0	0	0	1	1	1	0	0	1	1
TK25881	1	1	2	1	1	0	1	0	0	2	0	0	0	0	0	2	1
TK25890	1	0	1	1	1	1	1	0	1	1	0	0	0	2	1	1	1
TK25899	2	1	1	2	1	0	1	0	1	0	0	0	0	0	2	0	1
TK26065	0	0	1	1	1	0	1	0	2	2	1	1	1	1	1	2	1
TK26078	1	1	0	0	0	1	1	0	0	0	1	1	1	0	1	1	2
TK26079	1	0	0	1	1	0	0	1	0	0	1	1	1	0	0	0	1
TK26114	0	1	0	2	1	2	2	0	2	1	2	1	1	1	0	1	1
TK26120	1	1	0	1	0	0	1	0	1	1	2	2	2	1	1	1	1
TK26156	0	1	0	0	1	0	2	1	1	1	1	1	1	2	1	1	2
TK26210	0	0	2	1	1	2	2	1	0	1	1	1	1	2	2	0	1
TK26227	0	0	1	1	1	0	1	0	1	0	1	1	1	0	0	1	2
TK26233	1	0	1	1	1	0	0	2	1	0	1	1	1	0	1	1	1
TK26235	1	0	2	2	1	0	0	0	1	0	0	0	0	0	0	0	1
TK26250	0	0	2	1	2	2	2	0	0	0	2	2	2	1	2	2	1
TK26257	0	0	1	2	2	1	1	0	2	2	1	0	0	1	1	2	1
TK26317	0	0	1	0	1	1	1	1	1	0	2	2	2	1	0	1	0
TK26348	1	0	1	2	0	1	0	0	0	1	0	0	0	0	0	2	1
TK26361	1	0	0	2	1	1	2	0	1	0	1	1	1	0	0	2	1
TK26373	0	0	0	1	2	1	1	0	1	1	1	1	1	1	1	2	2
TK26376	0	1	1	1	2	1	2	0	1	1	0	1	1	1	2	2	0
TK26382	1	1	0	0	0	0	0	0	0	0	1	1	1	0	0	1	0
TK26384	2	1	0	0	0	0	0	0	0	1	0	0	0	0	0	1	1
TK26525	0	1	1	1	1	1	2	0	0	1	2	2	2	1	1	1	1
TK26526	0	0	1	1	0	0	2	0	1	2	1	1	1	0	1	0	1
TK26585	1	0	1	2	0	1	2	0	1	0	2	1	2	2	1	1	2
TK26608	0	1	1	1	2	1	1	2	0	1	2	2	2	1	0	1	1
TK26669	1	1	1	2	0	0	0	1	1	1	1	1	1	0	0	0	1
TK26867	1	1	1	2	2	1	2	0	1	1	2	2	2	1	0	2	1
TK26980	0	1	1	0	2	0	2	1	1	1	1	1	1	0	0	1	1
TK26987	1	1	2	1	1	0	1	0	1	1	2	2	2	0	0	1	1
TK27015	0	1	1	2	1	0	1	1	1	0	2	1	2	2	0	1	0
TK27056	1	2	0	2	0	1	1	0	1	1	2	2	2	0	1	1	1
TK27091	1	1	2	0	0	1	2	2	1	1	0	0	0	0	1	1	0
TK27141	0	0	0	2	1	0	0	0	2	2	0	0	0	2	0	1	1
TK27150	1	1	1	2	1	0	1	1	1	0	0	0	0	1	1	0	1
TK27250	1	1	1	1	1	2	1	0	1	1	2	2	2	1	0	1	0
TK27402	0	1	1	1	1	0	2	0	2	0	1	1	1	1	0	2	1
TK27403	1	1	0	0	1	0	2	1	2	0	0	0	0	0	1	2	2
TK27406	1	1	0	1	0	0	1	0	1	1	2	2	2	1	1	0	0
TK27413	1	0	0	1	0	1	1	0	2	1	1	1	1	0	2	0	0
TK27414	1	1	0	1	2	1	2	1	1	0	1	1	1	2	1	0	0
TK27416	1	0	0	1	0	1	1	0	2	1	1	1	1	0	2	0	0
TK27429	1	0	1	2	1	2	2	0	1	1	2	2	2	0	1	1	0
TK27434	2	1	2	2	0	2	2	0	0	1	2	2	1	1	2	1	0
TK27442	2	0	0	0	1	0	0	0	0	0	1	1	1	1	0	1	1
TK27481	0	1	0	1	1	2	2	0	1	2	0	0	0	0	1	1	1
TK27484	0	1	0	1	2	1	2	1	1	1	0	1	1	1	2	2	1
TK27529	0	0	1	0	1	1	1	1	1	0	2	2	2	1	0	1	0
TK27532	0	0	0	2	0	0	1	1	0	0	1	1	1	0	0	2	2
TK27533	1	1	0	1	0	1	2	0	2	1	0	0	0	0	0	1	1
TK27534	0	1	0	1	0	1	2	1	1	0	1	1	1	0	0	1	2
TK27628	1	0	0	1	0	0	2	0	1	0	2	2	2	1	0	1	1
TK27676	0	1	0	0	2	1	2	0	2	1	2	2	2	0	1	1	1
TK27679	0	0	0	0	0	1	1	0	2	2	0	0	0	2	0	1	0
TK27692	1	1	0	2	0	2	2	1	2	1	1	1	1	1	1	1	2
TK27704	1	2	0	0	1	0	1	0	1	2	2	1	1	0	2	2	1
TK27724	1	2	1	0	0	0	0	0	1	2	2	2	2	2	1	1	1
TK27738	1	0	0	2	0	1	0	0	1	2	2	2	2	0	0	2	0
TK27782	1	2	1	1	0	0	0	2	1	1	1	1	1	0	1	1	1
TK27815	1	1	1	0	1	1	1	1	2	1	0	0	0	1	1	1	1
TK27817	0	0	0	1	1	0	1	1	2	1	2	2	2	0	0	1	1
TK27821	2	1	1	2	1	2	1	0	1	0	2	2	2	0	0	1	2
TK27850	0	1	2	2	2	2	0	0	1	0	1	1	1	0	1	2	1
TK27856	0	0	0	0	1	0	1	0	2	1	1	1	0	0	1	2	1
TK27922	2	0	0	1	0	1	1	2	0	0	2	2	2	0	0	1	2
TK27960	1	0	0	2	1	1	0	0	1	0	1	1	1	1	1	0	1
TL36340	0	0	0	0	1	1	1	0	0	0	1	0	0	0	1	1	0
TL36368	0	0	1	0	2	1	0	1	2	1	1	0	0	0	0	2	2
TL36477	1	1	1	1	1	2	1	0	0	0	2	2	2	1	0	1	1
TL37067	1	1	2	0	1	1	2	0	0	2	1	1	1	1	1	0	0
TL37072	0	2	1	1	0	2	2	0	0	1	1	1	1	0	0	1	1
TL37131	0	1	0	0	0	0	0	0	1	1	2	2	2	0	0	0	2
TL37132	1	0	1	1	0	0	1	1	0	1	0	0	0	0	0	2	1
TL37155	1	2	1	2	0	1	1	0	1	1	1	1	1	0	0	1	0
TL37158	0	0	0	0	1	0	1	0	0	2	1	1	1	1	1	2	2
TL37495	1	0	0	2	0	0	1	0	1	0	1	1	1	1	2	2	2
TL37524	0	0	1	2	1	1	1	1	2	1	1	1	1	1	1	1	1
TL37531	2	1	0	1	1	1	1	0	0	1	1	1	1	1	1	1	0
TL37538	1	1	0	1	1	1	0	0	1	2	1	1	1	0	1	0	0
TL37539	1	2	1	2	2	0	0	2	1	2	2	2	2	0	0	1	1
TL37553	1	2	0	0	0	0	1	0	1	2	1	1	1	0	2	1	0
TL37574	0	1	2	2	2	1	0	1	2	0	1	1	1	0	1	0	0
TL37582	0	0	1	2	0	1	2	2	1	0	0	0	0	0	0	0	2
TL37593	1	0	0	1	0	1	1	0	1	0	2	2	2	1	2	1	2
TL37613	1	0	0	1	1	0	1	0	0	0	1	1	1	0	1	0	0
TL37638	1	1	1	1	1	0	2	0	2	2	2	2	2	0	1	2	0
TL37639	2	1	2	0	0	0	1	1	1	1	2	2	2	0	1	1	1
TL37664	0	1	1	0	0	2	1	2	0	0	1	1	1	0	1	1	0
TL37665	0	0	1	2	0	2	1	0	0	1	0	0	0	1	2	1	1
TL37674	0	0	1	1	0	1	1	0	0	1	2	2	2	2	0	2	1
TL37748	1	0	0	1	1	0	1	0	1	0	0	0	0	0	1	0	2
TL37756	1	1	0	2	0	1	0	1	0	1	1	1	1	1	1	0	1
TL37775	0	0	0	1	0	1	0	0	1	0	1	1	1	1	0	1	1
TL37793	2	0	1	1	1	1	2	0	1	1	1	1	1	0	1	1	0
TL37794	2	0	0	1	1	1	1	0	1	1	2	1	2	2	0	1	1
TL37795	2	0	1	0	1	1	1	0	1	0	2	1	2	1	1	0	0
TL37859	1	0	1	0	1	2	1	0	2	1	1	1	1	0	0	2	1
TL38125	0	0	1	0	0	1	1	1	1	1	1	1	1	0	1	2	1
TL38138	0	0	0	1	1	0	1	0	1	1	0	0	0	0	1	0	0
TL38174	0	0	0	2	2	1	0	1	1	1	2	1	2	1	1	2	0
TL38179	0	0	2	2	2	1	0	0	1	1	1	0	0	1	1	2	0
TL38187	1	0	1	0	1	1	2	0	1	2	2	2	1	1	0	1	1
TL38197	1	1	0	0	2	2	2	0	1	0	1	1	1	1	0	2	0
TL38215	0	0	0	1	0	1	1	0	1	1	1	1	1	0	1	1	1
TL38226	1	0	0	0	0	1	1	0	1	1	2	2	2	0	2	1	0
TL38228	1	0	1	1	0	1	1	0	1	1	1	1	1	1	0	2	1
TL38784	1	1	0	1	1	1	1	0	1	0	1	1	1	0	2	1	1
TL39013	1	1	1	1	2	0	1	0	1	2	0	0	0	1	1	2	1
TL39029	2	1	1	1	1	1	2	1	1	0	2	2	2	2	0	0	2
TL39075	0	1	0	1	0	0	2	0	1	1	1	1	1	0	0	0	0
TL39089	1	1	1	1	1	1	1	1	1	0	1	1	1	0	1	2	2
TL39116	1	0	1	0	0	1	2	1	1	1	1	1	1	0	1	0	1
TL39121	0	0	1	2	2	2	2	0	1	1	1	1	1	0	1	0	1
TL39143	0	0	1	0	1	0	1	0	1	0	1	1	1	1	0	1	0
TL39177	0	1	1	0	0	1	1	0	2	0	0	0	0	1	1	2	1
TL39183	0	1	2	1	0	1	1	1	2	1	0	0	0	0	0	1	1
TL39277	1	1	0	1	1	1	2	0	0	1	1	1	1	1	0	1	0
TL39399	0	0	0	1	1	0	2	0	1	1	2	2	2	1	1	0	1
TL39490	0	0	1	1	0	1	1	1	0	0	0	0	0	1	0	1	2
TL39600	2	0	0	0	0	1	1	1	1	0	0	0	0	0	0	1	1
TL39605	1	0	0	1	1	1	1	0	0	0	1	1	1	0	0	1	0
TL39629	0	1	0	0	1	0	1	0	1	1	1	1	1	1	0	0	2
TL39659	1	0	0	0	0	0	2	1	0	0	2	2	2	1	0	1	1
TP25060	1	1	1	2	1	2	2	1	2	0	1	1	1	0	1	2	1
TP25159	1	1	1	1	1	1	1	1	0	0	2	2	2	1	0	1	1
TP25167	0	2	1	1	0	1	1	0	1	0	1	1	1	1	1	2	1
TP25518	1	0	0	1	2	0	1	0	0	1	1	1	1	0	0	0	1
TP25530	1	1	0	1	0	0	2	0	1	0	0	0	0	2	2	2	1
TP25545	0	0	2	1	2	2	2	0	1	1	1	1	1	1	0	1	0
TP25604	1	0	0	1	2	2	2	0	0	0	1	1	1	2	1	1	2
TP25735	1	0	0	1	1	1	2	0	0	0	1	1	1	1	0	1	1
TP26294	2	0	0	0	2	0	1	0	0	1	2	2	2	0	0	1	1
TP28610	0	0	0	0	1	2	2	0	2	1	1	1	1	0	1	0	1
TP28779	0	1	0	1	1	0	1	0	1	1	0	0	0	0	1	1	2
TP41544	0	0	2	0	1	0	1	0	1	0	2	2	2	0	0	2	0
TP41623	1	0	1	1	1	0	1	1	1	1	1	1	1	1	2	1	0
TP41653	2	1	1	1	0	1	1	2	2	2	1	1	1	1	0	2	1
TP41661	0	0	1	1	0	1	2	0	2	2	0	0	0	1	1	1	1
TP41663	0	1	0	2	2	1	2	0	1	0	1	1	1	2	1	2	0
TP41710	0	0	0	1	0	1	1	0	0	2	0	0	0	1	0	1	1
TP41818	2	0	2	0	1	0	1	1	1	1	1	1	1	0	0	1	0
TP41819	1	0	2	0	2	0	0	0	1	1	1	1	1	0	1	2	1
TP41854	0	0	0	1	0	2	1	1	1	1	0	0	0	2	0	1	1
TP41885	1	0	1	0	2	1	2	1	0	0	1	1	1	1	0	1	1
TP41899	1	2	1	0	0	0	1	1	2	0	2	2	2	0	1	1	2
TP42059	1	0	1	0	1	1	1	0	1	0	1	0	0	1	1	1	1
TR40051	0	1	1	2	1	2	2	0	1	0	1	1	1	1	1	1	1
TR40183	2	0	0	1	0	1	0	2	0	1	1	1	1	0	0	1	0
TR40363	2	0	2	2	0	1	1	1	1	0	2	2	2	1	0	1	2
TR42058	0	1	2	0	0	2	2	1	1	2	1	1	1	2	1	1	0
TR42079	0	1	2	0	0	2	2	0	1	2	1	1	1	2	1	1	0
TR42233	0	0	1	0	0	1	2	2	0	1	1	1	1	0	1	2	1
TR42713	1	0	0	0	0	2	2	1	1	0	1	1	1	1	2	1	1
TR43661	2	0	0	1	1	1	2	0	1	0	1	1	1	2	0	2	1
TR43666	0	2	0	1	0	2	1	0	1	1	1	1	1	2	0	2	1
V260950	1	1	1	1	1	1	1	0	1	1	2	2	2	0	0	1	0
V279628	0	1	0	2	0	1	1	0	0	1	1	1	1	0	1	1	0
V729607	0	2	1	1	2	1	1	1	0	0	1	1	1	0	0	1	1
V729628	0	1	0	2	0	1	1	0	0	1	1	1	1	0	1	1	0
V729680	0	0	1	2	1	0	2	0	0	2	1	1	1	1	0	2	1
V729695	1	1	1	0	1	0	1	1	0	0	1	1	1	1	0	0	2
VE32620	0	0	1	1	0	0	0	0	0	0	0	0	0	0	0	1	0
VF63055	1	0	1	0	2	1	1	0	1	1	1	1	1	1	1	1	1
VF63063	1	1	1	1	1	1	1	0	1	1	1	1	1	1	1	0	1
VF63169	0	1	0	1	2	2	2	0	1	0	0	0	0	1	1	0	1
VF63170	1	1	2	1	2	2	2	0	2	1	0	0	0	1	1	1	1
VF63410	1	0	0	1	2	1	1	0	1	1	2	2	2	1	1	0	0
VF63415	0	1	1	1	1	1	1	0	2	1	2	2	2	1	0	1	0
VF63420	1	0	2	1	2	2	1	0	1	0	2	2	2	1	1	1	1
VF63423	0	1	0	1	0	1	1	0	2	1	1	1	1	2	1	0	0
VF63451	1	1	1	2	0	0	0	1	1	0	1	1	1	0	0	1	1
VF63453	2	0	1	1	0	1	0	0	1	0	1	1	1	1	1	0	1
VF63455	0	1	2	1	2	2	1	1	1	0	0	0	0	0	0	1	2
VF63462	0	1	1	2	0	0	2	0	1	0	1	1	1	1	0	1	2
VF63463	0	1	1	1	2	0	0	0	1	0	2	2	2	1	1	1	1
VF63499	1	0	0	1	1	0	2	2	1	1	1	1	1	2	1	1	0
VF63736	1	1	0	1	1	0	0	0	1	0	1	1	1	0	1	0	0
VF63747	0	1	1	0	1	1	1	0	1	1	1	1	1	2	0	1	0
VF63748	2	0	1	0	1	1	2	0	1	2	1	1	1	0	0	1	0
VF63778	0	1	0	1	1	1	2	0	2	1	1	1	1	1	0	1	1
VF63822	1	1	1	1	2	0	1	2	0	1	0	0	0	0	0	0	1
VF63832	1	1	1	1	2	2	2	0	1	1	0	0	0	2	0	1	2
VF63863	0	1	0	1	0	2	2	1	1	2	1	1	1	1	0	2	0
VF63867	1	1	0	0	0	1	2	0	0	2	2	2	1	1	2	2	1
VF63927	2	1	1	2	1	1	1	1	0	0	1	1	1	1	1	1	1
VF63966	2	1	0	2	2	0	1	0	0	1	1	1	1	1	1	2	0
VF64081	1	0	1	1	1	0	1	0	0	2	0	0	0	2	1	0	1
VF64090	1	0	1	0	2	2	1	1	1	0	1	1	1	1	1	2	2
VF64229	0	0	0	1	1	0	2	0	1	0	0	0	0	1	0	1	1
VF64271	0	0	0	0	0	0	2	0	0	0	1	2	2	2	0	1	0
VF64273	0	1	1	2	0	0	2	1	0	0	1	1	1	1	0	1	1
VF64355	1	1	1	1	1	1	2	0	1	1	1	1	1	1	2	2	0
VF64404	1	1	2	1	1	0	1	0	0	0	1	2	2	1	1	1	1
VF64411	2	1	1	2	1	1	0	0	2	0	0	0	0	0	0	2	1
VF64506	1	0	0	2	1	2	1	0	1	0	2	2	2	1	1	2	0
VF64533	1	1	2	1	1	1	2	0	1	0	1	1	1	0	0	2	1
VF64602	2	0	2	0	1	1	0	1	0	0	1	1	1	0	1	1	2
VF64622	2	1	0	0	0	0	1	1	1	1	1	1	1	0	1	1	2
VF64655	1	0	1	1	0	1	2	0	2	0	1	1	1	1	1	0	1
VF64700	0	0	0	0	2	0	2	0	1	1	1	1	1	0	0	1	1
VF64753	1	0	1	0	1	2	2	0	1	0	1	1	1	1	2	1	1
VF64768	2	0	0	1	2	2	2	1	1	2	1	1	1	0	1	1	2
VF64776	0	0	1	2	1	1	1	0	1	0	1	1	1	0	1	1	0
VF64795	1	1	1	1	1	2	2	0	1	1	1	1	1	1	1	1	0
VF64811	1	0	0	1	1	1	1	1	2	0	0	0	0	0	0	1	1
VF64824	1	0	1	2	2	1	1	1	1	0	2	1	2	0	1	0	0
VF64839	0	2	0	0	0	1	1	0	0	1	0	1	1	1	0	1	2
VF64874	0	0	1	2	2	1	1	0	1	0	1	1	1	2	2	0	1
VF64943	1	2	1	2	2	1	1	0	1	2	2	2	2	0	0	1	2
VH21716	0	0	1	0	1	0	1	1	1	0	2	2	2	0	1	0	1
VH99584	2	2	0	0	0	1	1	0	0	2	1	2	2	0	1	1	2
VN57374	1	1	1	2	2	1	0	0	0	1	2	2	2	1	1	2	0
VN57986	0	1	1	0	2	0	0	0	1	0	0	0	0	1	1	1	1
VN87317	1	1	1	2	1	2	1	0	1	2	2	2	2	2	0	1	0
VN87380	0	0	1	1	2	1	0	0	1	0	2	2	2	0	0	0	1
VR27854	0	1	1	2	1	0	1	1	1	1	1	1	1	0	1	2	1
VR91385	1	1	1	0	0	0	1	0	1	0	0	0	0	1	1	1	0
VR91849	1	0	0	1	2	2	1	0	1	0	1	1	1	0	1	0	1
VR98038	1	2	1	0	2	0	2	1	0	1	0	0	0	0	0	1	1
VR98182	1	1	1	0	2	0	0	2	0	2	0	0	0	0	1	1	1
VR98183	1	1	1	0	2	1	1	1	0	2	1	1	1	0	0	1	0
VR98214	0	0	0	0	0	2	2	0	0	1	2	2	2	0	0	1	1
VR98262	0	2	1	2	1	1	1	0	0	0	1	1	1	1	2	2	1
VR98264	0	1	0	0	1	0	1	0	0	0	0	0	0	0	2	1	0
VR98327	1	0	0	1	1	2	1	0	2	2	1	1	1	1	0	0	2
VR98349	1	0	1	0	0	1	1	0	0	1	1	1	1	1	1	2	0
VR98353	0	0	1	0	0	0	0	0	0	1	1	1	1	1	0	2	0
VR98374	1	1	0	1	2	2	2	1	1	0	1	1	1	1	1	0	1
VS83016	1	0	2	0	1	2	2	0	2	0	2	2	2	1	0	1	0
VS83127	1	1	0	0	0	1	2	0	1	0	2	2	2	1	0	1	1
VS83171	1	0	1	0	1	1	2	1	0	0	1	1	1	0	1	0	1
VS83235	1	1	0	1	1	1	0	0	2	1	1	1	1	1	0	1	1
VS83731	1	1	1	1	0	0	1	1	0	1	1	1	1	0	1	0	1
VS83747	0	0	0	1	2	1	2	0	1	1	1	1	1	2	2	1	1
VS83758	2	0	1	1	0	0	1	1	0	1	0	0	1	0	1	2	0
VS83783	2	1	0	0	1	1	1	0	0	2	1	1	1	0	1	1	1
VS83800	0	0	0	1	1	1	2	1	1	0	1	1	1	1	0	0	1
VS84386	2	1	1	1	1	0	0	1	0	0	1	1	1	0	0	0	2
VS84536	2	1	1	1	0	0	0	0	0	0	1	1	1	0	1	1	0
VS84537	1	1	1	1	0	0	2	0	0	1	1	1	1	0	1	1	0
VS84546	1	0	1	0	2	0	0	1	1	1	1	1	1	0	1	1	2
VS84619	1	0	1	1	0	0	2	0	1	1	0	0	0	0	0	0	1
VS84629	0	0	1	0	2	1	2	0	1	0	1	1	1	1	1	1	1
VS84713	1	1	0	0	1	1	2	1	0	1	0	0	0	0	1	1	0
VS84968	0	1	0	1	0	1	1	0	0	0	0	0	0	1	0	1	1
VT33014	2	2	1	0	1	2	2	2	0	0	0	0	0	0	0	0	2
VT33031	0	0	1	1	2	2	1	0	2	0	2	2	2	0	1	0	1
VT33143	0	1	0	1	1	0	2	0	1	0	0	1	1	0	0	2	1
VT33243	0	0	0	1	1	1	2	0	1	0	0	0	0	0	0	1	2
VT33317	1	1	0	1	1	1	1	0	0	2	2	2	2	1	2	2	0
VT33379	1	1	1	2	1	1	2	0	1	0	0	1	1	0	0	1	1
VT33395	1	0	0	1	0	1	0	0	1	0	0	0	0	1	0	1	2
VT33396	1	0	0	1	0	0	0	0	1	0	0	0	0	0	2	1	2
VT33419	0	1	1	2	1	0	2	0	1	1	2	2	2	0	2	1	0
VT33486	1	1	0	1	2	2	1	0	1	1	1	1	1	0	2	1	0
VT33529	1	0	1	1	2	1	2	1	1	1	1	1	1	1	1	1	1
VT33530	1	1	0	1	1	1	1	1	1	0	0	0	0	1	2	1	1
VT33533	1	1	1	2	1	1	1	1	0	1	1	1	1	1	1	1	2
VT33545	2	1	0	1	1	1	1	2	2	1	0	0	0	1	1	0	2
VT33550	0	0	2	0	2	0	1	0	1	0	2	1	2	0	0	1	1
VT33566	1	1	0	0	0	0	1	2	0	0	1	0	0	0	0	1	0
VT33595	2	1	1	1	0	1	0	1	1	0	1	1	1	0	1	1	0
VT33691	0	0	2	1	1	1	2	0	1	1	1	1	1	1	2	2	0
VT33709	2	1	0	1	0	2	1	1	1	0	1	1	1	1	2	0	1
VT33778	0	0	1	1	1	0	1	1	1	0	1	1	1	0	1	1	1
VT33790	1	1	0	1	0	1	2	0	1	1	2	2	2	0	2	1	0
VT33791	0	1	1	1	2	0	0	0	1	1	1	1	1	1	2	1	1
VT33853	1	1	1	1	0	1	1	0	1	1	1	1	1	1	0	1	1
VT33942	1	1	0	1	1	0	1	0	1	0	0	0	0	1	1	1	1
VT34174	2	1	1	2	1	1	2	0	1	1	2	2	2	2	1	1	1
VT34632	2	1	1	1	0	0	1	2	1	1	0	0	0	2	2	0	2
VT34730	0	0	1	2	1	1	2	0	0	0	1	1	1	0	1	1	1
VX13432	0	1	0	0	1	1	0	0	0	2	2	2	2	0	2	2	1
VX13610	2	2	1	0	1	1	1	1	0	0	1	1	1	0	0	0	1
VX13726	0	0	1	2	1	1	0	0	1	2	0	0	0	0	1	1	2
X235104	0	1	1	2	1	1	1	1	2	1	2	2	2	0	0	1	1
X235121	1	0	1	1	0	1	1	1	0	0	0	0	0	1	1	2	1
X235152	1	1	2	2	0	0	1	0	0	1	0	0	0	0	0	1	1
X235208	1	1	1	0	1	1	2	0	1	0	0	0	0	1	0	1	2
X235502	2	1	2	2	0	1	2	1	1	0	0	0	0	1	2	2	1
X235602	1	0	0	1	0	1	2	0	2	1	1	1	1	0	0	2	1
X235604	1	1	2	0	1	2	1	0	0	0	1	1	1	0	0	0	0
X235615	1	1	2	0	2	0	2	2	0	2	0	0	0	0	0	1	1
X235619	2	1	1	2	1	1	1	1	1	1	2	2	2	1	1	1	2
X235620	0	1	0	0	1	0	2	1	2	1	0	1	1	0	1	0	2
X235623	1	0	0	0	0	1	0	1	1	1	1	1	1	1	1	1	1
X235628	1	0	2	0	0	1	1	0	0	0	1	0	0	0	0	1	1
X235629	1	0	0	0	1	0	0	0	0	0	1	1	1	0	1	2	0
X235630	1	1	1	1	0	0	2	0	2	1	1	0	0	0	1	1	1
X235631	1	0	0	0	1	2	2	0	2	2	0	0	0	0	0	0	1
X235634	0	1	1	0	0	0	2	0	1	0	2	2	2	2	0	1	2
X237894	0	1	1	1	0	1	1	1	0	2	2	2	2	0	0	0	0
X237904	1	1	0	1	2	1	1	1	2	1	1	1	1	0	1	1	2
X237908	0	1	1	1	1	0	2	1	1	1	1	0	0	0	1	2	2
X237911	0	0	0	0	0	1	1	0	2	2	0	0	0	2	1	1	1
X237914	1	0	0	1	0	1	1	0	0	1	1	0	0	1	0	2	1
X237918	1	0	1	1	1	1	2	0	0	0	1	1	1	1	2	1	1
X239571	1	0	2	1	1	2	2	2	1	0	0	0	0	1	1	1	1
X239572	1	0	1	0	0	1	1	0	0	0	1	1	1	1	1	2	0
X239701	1	2	0	1	0	1	2	1	1	0	0	0	0	2	0	1	2
X239704	1	0	0	1	1	0	2	1	1	0	1	1	1	1	1	2	0
X239705	2	1	1	1	0	1	2	0	0	0	1	1	1	2	1	1	2
X239717	1	1	1	0	1	0	0	1	2	1	1	1	1	1	0	0	0
X239718	0	1	1	2	1	1	1	0	2	0	1	1	1	0	2	1	1
X239801	1	1	0	2	0	0	1	1	0	0	1	1	1	1	1	1	1
X239802	2	0	0	2	1	0	2	0	0	1	0	0	0	0	1	1	2
X239809	1	0	0	0	1	1	1	1	0	0	2	1	2	1	1	1	2
X239846	2	0	1	1	2	1	1	1	0	1	0	0	0	0	1	1	1
X239901	1	1	1	1	1	2	2	1	1	0	2	1	2	1	1	0	2
X239905	0	0	0	2	1	1	2	1	1	0	1	1	1	0	0	1	2
X661866	2	1	0	0	1	0	1	0	1	0	1	1	1	0	0	1	1
X805880	2	1	1	1	1	2	1	0	1	0	2	2	2	1	1	1	2
Y033816	0	1	1	0	0	1	1	0	2	0	1	1	1	0	1	1	0
Y033824	1	0	0	2	0	0	0	0	1	0	0	0	0	0	1	1	1
Y033835	2	0	1	1	1	1	2	0	0	1	1	0	0	1	0	2	1
Y034702	0	1	2	0	1	2	2	1	0	0	2	2	2	0	0	1	0
Y034724	1	0	1	0	1	0	0	0	2	2	2	2	2	2	1	1	0
